1.000000000000000000e+00 1.259999999999977718e-03
9.949748743718592747e-01 1.962889113204233094e-03
9.899497487437185494e-01 2.661436591313231983e-03
9.849246231155779352e-01 3.355687992141611915e-03
9.798994974874372099e-01 4.045687831171040916e-03
9.748743718592964846e-01 4.731479579566743796e-03
9.698492462311557594e-01 5.413105662148969856e-03
9.648241206030150341e-01 6.090607455316502002e-03
9.597989949748744198e-01 6.764025284921711990e-03
9.547738693467336946e-01 7.433398424095183366e-03
9.497487437185929693e-01 8.098765091019099333e-03
9.447236180904522440e-01 8.760162446647443146e-03
9.396984924623115187e-01 9.417626592371096741e-03
9.346733668341709045e-01 1.007119256762757306e-02
9.296482412060301792e-01 1.072089434745222315e-02
9.246231155778894539e-01 1.136676483996957795e-02
9.195979899497487287e-01 1.200883588382398691e-02
9.145728643216080034e-01 1.264713824554635456e-02
9.095477386934673891e-01 1.328170161685599850e-02
9.045226130653266639e-01 1.391255461189529717e-02
8.994974874371859386e-01 1.453972476439490541e-02
8.944723618090452133e-01 1.516323852476787748e-02
8.894472361809044880e-01 1.578312125713004013e-02
8.844221105527638738e-01 1.639939723624461373e-02
8.793969849246231485e-01 1.701208964438849849e-02
8.743718592964824232e-01 1.762122056813792900e-02
8.693467336683416979e-01 1.822681099507082042e-02
8.643216080402009727e-01 1.882888081038336034e-02
8.592964824120603584e-01 1.942744879341767872e-02
8.542713567839196331e-01 2.002253261409831300e-02
8.492462311557789079e-01 2.061414882927397815e-02
8.442211055276381826e-01 2.120231287896192848e-02
8.391959798994974573e-01 2.178703908249133778e-02
8.341708542713568431e-01 2.236834063454301927e-02
8.291457286432161178e-01 2.294622960108112092e-02
8.241206030150753925e-01 2.352071691517414881e-02
8.190954773869346672e-01 2.409181237270078754e-02
8.140703517587939420e-01 2.465952462793720087e-02
8.090452261306533277e-01 2.522386118902147228e-02
8.040201005025124914e-01 2.578482841329121297e-02
7.989949748743718771e-01 2.634243150248944537e-02
7.939698492462311519e-01 2.689667449783535516e-02
7.889447236180904266e-01 2.744756027495336148e-02
7.839195979899498123e-01 2.799509053865756672e-02
7.788944723618089760e-01 2.853926581758507719e-02
7.738693467336683618e-01 2.908008545867303216e-02
7.688442211055276365e-01 2.961754762147473033e-02
7.638190954773869112e-01 3.015164927230739450e-02
7.587939698492462970e-01 3.068238617822706751e-02
7.537688442211054607e-01 3.120975290082329823e-02
7.487437185929648464e-01 3.173374278982761532e-02
7.437185929648241212e-01 3.225434797652820124e-02
7.386934673366833959e-01 3.277155936698458033e-02
7.336683417085427816e-01 3.328536663503374460e-02
7.286432160804019453e-01 3.379575821508066374e-02
7.236180904522613311e-01 3.430272129466422487e-02
7.185929648241206058e-01 3.480624180679110086e-02
7.135678391959798805e-01 3.530630442202736807e-02
7.085427135678392663e-01 3.580289254033929003e-02
7.035175879396984300e-01 3.629598828267329574e-02
6.984924623115578157e-01 3.678557248226458493e-02
6.934673366834170904e-01 3.727162467566418752e-02
6.884422110552763652e-01 3.775412309347248030e-02
6.834170854271357509e-01 3.823304465076814845e-02
6.783919597989949146e-01 3.870836493721955401e-02
6.733668341708543004e-01 3.918005820686605578e-02
6.683417085427135751e-01 3.964809736755545155e-02
6.633165829145728498e-01 4.011245397002332486e-02
6.582914572864322356e-01 4.057309819659935674e-02
6.532663316582913993e-01 4.102999884952510806e-02
6.482412060301507850e-01 4.148312333886629982e-02
6.432160804020100597e-01 4.193243767000288946e-02
6.381909547738693345e-01 4.237790643067836788e-02
6.331658291457287202e-01 4.281949277758918815e-02
6.281407035175878839e-01 4.325715842249432813e-02
6.231155778894472697e-01 4.369086361782378858e-02
6.180904522613065444e-01 4.412056714176365579e-02
6.130653266331658191e-01 4.454622628279453905e-02
6.080402010050250938e-01 4.496779682365820152e-02
6.030150753768843686e-01 4.538523302472707854e-02
5.979899497487437543e-01 4.579848760674831709e-02
5.929648241206030290e-01 4.620751173293442121e-02
5.879396984924623037e-01 4.661225499036884129e-02
5.829145728643215785e-01 4.701266537069539314e-02
5.778894472361808532e-01 4.740868925005643775e-02
5.728643216080402389e-01 4.780027136824456513e-02
5.678391959798995137e-01 4.818735480702950047e-02
5.628140703517587884e-01 4.856988096761963997e-02
5.577889447236180631e-01 4.894778954721631242e-02
5.527638190954773378e-01 4.932101851461506703e-02
5.477386934673367236e-01 4.968950408480676817e-02
5.427135678391959983e-01 5.005318069252733676e-02
5.376884422110552730e-01 5.041198096470302786e-02
5.326633165829145478e-01 5.076583569173400562e-02
5.276381909547738225e-01 5.111467379755574303e-02
5.226130653266332082e-01 5.145842230841440185e-02
5.175879396984924830e-01 5.179700632028770568e-02
5.125628140703517577e-01 5.213034896487889897e-02
5.075376884422110324e-01 5.245837137410649248e-02
5.025125628140703071e-01 5.278099264300834675e-02
4.974874371859296929e-01 5.309812979097143504e-02
4.924623115577889676e-01 5.340969772119549819e-02
4.874371859296482423e-01 5.371560917828963055e-02
4.824120603015075170e-01 5.401577470389715835e-02
4.773869346733667918e-01 5.431010259023453385e-02
4.723618090452261775e-01 5.459849883142355725e-02
4.673366834170854522e-01 5.488086707248721746e-02
4.623115577889447270e-01 5.515710855587096367e-02
4.572864321608040017e-01 5.542712206534071429e-02
4.522613065326632764e-01 5.569080386709860525e-02
4.472361809045225511e-01 5.594804764794640561e-02
4.422110552763819369e-01 5.619874445031300403e-02
4.371859296482412116e-01 5.644278260394972740e-02
4.321608040201004863e-01 5.668004765408222317e-02
4.271356783919597611e-01 5.691042228579160783e-02
4.221105527638190358e-01 5.713378624437986247e-02
4.170854271356784215e-01 5.735001625145615817e-02
4.120603015075376963e-01 5.755898591645943613e-02
4.070351758793969710e-01 5.776056564330991211e-02
4.020100502512562457e-01 5.795462253185849205e-02
3.969849246231155204e-01 5.814102027377408138e-02
3.919597989949749062e-01 5.831961904248156303e-02
3.869346733668341809e-01 5.849027537672858712e-02
3.819095477386934556e-01 5.865284205732497480e-02
3.768844221105527303e-01 5.880716797655881345e-02
3.718592964824120051e-01 5.895309799975054221e-02
3.668341708542713908e-01 5.909047281835803911e-02
3.618090452261306655e-01 5.921912879399494900e-02
3.567839195979899403e-01 5.933889779266413728e-02
3.517587939698492150e-01 5.944960700844700158e-02
3.467336683417084897e-01 5.955107877581584941e-02
3.417085427135678755e-01 5.964313036965972203e-02
3.366834170854271502e-01 5.972557379202594885e-02
3.316582914572864249e-01 5.979821554448232213e-02
3.266331658291456996e-01 5.986085638489752059e-02
3.216080402010049744e-01 5.991329106731506371e-02
3.165829145728643601e-01 5.995530806346278940e-02
3.115577889447236348e-01 5.998668926428736559e-02
3.065326633165829096e-01 6.000720965973469628e-02
3.015075376884421843e-01 6.001663699480565967e-02
2.964824120603014590e-01 6.001473139970381343e-02
2.914572864321608447e-01 6.000124499164814079e-02
2.864321608040201195e-01 5.997592144565232208e-02
2.814070351758793942e-01 5.993849553126165408e-02
2.763819095477386689e-01 5.988869261188883852e-02
2.713567839195979436e-01 5.982622810298997978e-02
2.663316582914573294e-01 5.975080688486837655e-02
2.613065326633166041e-01 5.966212266537362918e-02
2.562814070351758788e-01 5.955985728717005934e-02
2.512562814070351536e-01 5.944367997356436034e-02
2.462311557788944283e-01 5.931324650609902382e-02
2.412060301507537030e-01 5.916819832621000863e-02
2.361809045226130888e-01 5.900816155219951176e-02
2.311557788944723635e-01 5.883274590155739697e-02
2.261306532663316382e-01 5.864154350724828241e-02
2.211055276381909129e-01 5.843412761492684099e-02
2.160804020100501877e-01 5.821005114610697251e-02
2.110552763819095734e-01 5.796884511003090601e-02
2.060301507537688481e-01 5.771001684429897388e-02
2.010050251256281229e-01 5.743304806113626315e-02
1.959798994974873976e-01 5.713739267239088121e-02
1.909547738693466723e-01 5.682247436184183209e-02
1.859296482412060580e-01 5.648768386798109359e-02
1.809045226130653328e-01 5.613237593391530444e-02
1.758793969849246075e-01 5.575586587314396853e-02
1.708542713567838822e-01 5.535742569038037270e-02
1.658291457286431569e-01 5.493627968485486485e-02
1.608040201005025427e-01 5.449159944912882608e-02
1.557788944723618174e-01 5.402249815862624621e-02
1.507537688442210921e-01 5.352802402491940031e-02
1.457286432160803669e-01 5.300715275803760673e-02
1.407035175879396416e-01 5.245877884805053015e-02
1.356783919597990273e-01 5.188170543168232202e-02
1.306532663316583021e-01 5.127463245272759901e-02
1.256281407035175768e-01 5.063614275143293875e-02
1.206030150753768515e-01 4.996468562206144576e-02
1.155778894472361262e-01 4.925855725156347287e-02
1.105527638190955120e-01 4.851587728427216722e-02
1.055276381909547867e-01 4.773456053149352507e-02
1.005025125628140614e-01 4.691228253693498912e-02
9.547738693467333615e-02 4.604643728378477602e-02
9.045226130653261087e-02 4.513408473363710038e-02
8.542713567839199662e-02 4.417188503946026246e-02
8.040201005025127134e-02 4.315601504591091292e-02
7.537688442211054607e-02 4.208206087415648777e-02
7.035175879396982079e-02 4.094487764509332356e-02
6.532663316582909552e-02 3.973840314848420263e-02
6.030150753768848126e-02 3.845540550836706872e-02
5.527638190954775599e-02 3.708713379890983541e-02
5.025125628140703071e-02 3.562282167259474275e-02
4.522613065326630544e-02 3.404896051572266213e-02
4.020100502512558016e-02 3.234819605207463894e-02
3.517587939698496591e-02 3.049757838222236228e-02
3.015075376884424063e-02 2.846563159587727973e-02
2.512562814070351536e-02 2.620709378403339104e-02
2.010050251256279008e-02 2.365256274550404589e-02
1.507537688442206480e-02 2.068529309625785281e-02
1.005025125628133953e-02 1.707776770054631951e-02
5.025125628140725276e-03 1.224280475705687155e-02
0.000000000000000000e+00 0.000000000000000000e+00
0.000000000000000000e+00 -0.000000000000000000e+00
5.025125628140725276e-03 -1.224280475705687155e-02
1.005025125628133953e-02 -1.707776770054631951e-02
1.507537688442206480e-02 -2.068529309625785281e-02
2.010050251256279008e-02 -2.365256274550404589e-02
2.512562814070351536e-02 -2.620709378403339104e-02
3.015075376884424063e-02 -2.846563159587727973e-02
3.517587939698496591e-02 -3.049757838222236228e-02
4.020100502512558016e-02 -3.234819605207463894e-02
4.522613065326630544e-02 -3.404896051572266213e-02
5.025125628140703071e-02 -3.562282167259474275e-02
5.527638190954775599e-02 -3.708713379890983541e-02
6.030150753768848126e-02 -3.845540550836706872e-02
6.532663316582909552e-02 -3.973840314848420263e-02
7.035175879396982079e-02 -4.094487764509332356e-02
7.537688442211054607e-02 -4.208206087415648777e-02
8.040201005025127134e-02 -4.315601504591091292e-02
8.542713567839199662e-02 -4.417188503946026246e-02
9.045226130653261087e-02 -4.513408473363710038e-02
9.547738693467333615e-02 -4.604643728378477602e-02
1.005025125628140614e-01 -4.691228253693498912e-02
1.055276381909547867e-01 -4.773456053149352507e-02
1.105527638190955120e-01 -4.851587728427216722e-02
1.155778894472361262e-01 -4.925855725156347287e-02
1.206030150753768515e-01 -4.996468562206144576e-02
1.256281407035175768e-01 -5.063614275143293875e-02
1.306532663316583021e-01 -5.127463245272759901e-02
1.356783919597990273e-01 -5.188170543168232202e-02
1.407035175879396416e-01 -5.245877884805053015e-02
1.457286432160803669e-01 -5.300715275803760673e-02
1.507537688442210921e-01 -5.352802402491940031e-02
1.557788944723618174e-01 -5.402249815862624621e-02
1.608040201005025427e-01 -5.449159944912882608e-02
1.658291457286431569e-01 -5.493627968485486485e-02
1.708542713567838822e-01 -5.535742569038037270e-02
1.758793969849246075e-01 -5.575586587314396853e-02
1.809045226130653328e-01 -5.613237593391530444e-02
1.859296482412060580e-01 -5.648768386798109359e-02
1.909547738693466723e-01 -5.682247436184183209e-02
1.959798994974873976e-01 -5.713739267239088121e-02
2.010050251256281229e-01 -5.743304806113626315e-02
2.060301507537688481e-01 -5.771001684429897388e-02
2.110552763819095734e-01 -5.796884511003090601e-02
2.160804020100501877e-01 -5.821005114610697251e-02
2.211055276381909129e-01 -5.843412761492684099e-02
2.261306532663316382e-01 -5.864154350724828241e-02
2.311557788944723635e-01 -5.883274590155739697e-02
2.361809045226130888e-01 -5.900816155219951176e-02
2.412060301507537030e-01 -5.916819832621000863e-02
2.462311557788944283e-01 -5.931324650609902382e-02
2.512562814070351536e-01 -5.944367997356436034e-02
2.562814070351758788e-01 -5.955985728717005934e-02
2.613065326633166041e-01 -5.966212266537362918e-02
2.663316582914573294e-01 -5.975080688486837655e-02
2.713567839195979436e-01 -5.982622810298997978e-02
2.763819095477386689e-01 -5.988869261188883852e-02
2.814070351758793942e-01 -5.993849553126165408e-02
2.864321608040201195e-01 -5.997592144565232208e-02
2.914572864321608447e-01 -6.000124499164814079e-02
2.964824120603014590e-01 -6.001473139970381343e-02
3.015075376884421843e-01 -6.001663699480565967e-02
3.065326633165829096e-01 -6.000720965973469628e-02
3.115577889447236348e-01 -5.998668926428736559e-02
3.165829145728643601e-01 -5.995530806346278940e-02
3.216080402010049744e-01 -5.991329106731506371e-02
3.266331658291456996e-01 -5.986085638489752059e-02
3.316582914572864249e-01 -5.979821554448232213e-02
3.366834170854271502e-01 -5.972557379202594885e-02
3.417085427135678755e-01 -5.964313036965972203e-02
3.467336683417084897e-01 -5.955107877581584941e-02
3.517587939698492150e-01 -5.944960700844700158e-02
3.567839195979899403e-01 -5.933889779266413728e-02
3.618090452261306655e-01 -5.921912879399494900e-02
3.668341708542713908e-01 -5.909047281835803911e-02
3.718592964824120051e-01 -5.895309799975054221e-02
3.768844221105527303e-01 -5.880716797655881345e-02
3.819095477386934556e-01 -5.865284205732497480e-02
3.869346733668341809e-01 -5.849027537672858712e-02
3.919597989949749062e-01 -5.831961904248156303e-02
3.969849246231155204e-01 -5.814102027377408138e-02
4.020100502512562457e-01 -5.795462253185849205e-02
4.070351758793969710e-01 -5.776056564330991211e-02
4.120603015075376963e-01 -5.755898591645943613e-02
4.170854271356784215e-01 -5.735001625145615817e-02
4.221105527638190358e-01 -5.713378624437986247e-02
4.271356783919597611e-01 -5.691042228579160783e-02
4.321608040201004863e-01 -5.668004765408222317e-02
4.371859296482412116e-01 -5.644278260394972740e-02
4.422110552763819369e-01 -5.619874445031300403e-02
4.472361809045225511e-01 -5.594804764794640561e-02
4.522613065326632764e-01 -5.569080386709860525e-02
4.572864321608040017e-01 -5.542712206534071429e-02
4.623115577889447270e-01 -5.515710855587096367e-02
4.673366834170854522e-01 -5.488086707248721746e-02
4.723618090452261775e-01 -5.459849883142355725e-02
4.773869346733667918e-01 -5.431010259023453385e-02
4.824120603015075170e-01 -5.401577470389715835e-02
4.874371859296482423e-01 -5.371560917828963055e-02
4.924623115577889676e-01 -5.340969772119549819e-02
4.974874371859296929e-01 -5.309812979097143504e-02
5.025125628140703071e-01 -5.278099264300834675e-02
5.075376884422110324e-01 -5.245837137410649248e-02
5.125628140703517577e-01 -5.213034896487889897e-02
5.175879396984924830e-01 -5.179700632028770568e-02
5.226130653266332082e-01 -5.145842230841440185e-02
5.276381909547738225e-01 -5.111467379755574303e-02
5.326633165829145478e-01 -5.076583569173400562e-02
5.376884422110552730e-01 -5.041198096470302786e-02
5.427135678391959983e-01 -5.005318069252733676e-02
5.477386934673367236e-01 -4.968950408480676817e-02
5.527638190954773378e-01 -4.932101851461506703e-02
5.577889447236180631e-01 -4.894778954721631242e-02
5.628140703517587884e-01 -4.856988096761963997e-02
5.678391959798995137e-01 -4.818735480702950047e-02
5.728643216080402389e-01 -4.780027136824456513e-02
5.778894472361808532e-01 -4.740868925005643775e-02
5.829145728643215785e-01 -4.701266537069539314e-02
5.879396984924623037e-01 -4.661225499036884129e-02
5.929648241206030290e-01 -4.620751173293442121e-02
5.979899497487437543e-01 -4.579848760674831709e-02
6.030150753768843686e-01 -4.538523302472707854e-02
6.080402010050250938e-01 -4.496779682365820152e-02
6.130653266331658191e-01 -4.454622628279453905e-02
6.180904522613065444e-01 -4.412056714176365579e-02
6.231155778894472697e-01 -4.369086361782378858e-02
6.281407035175878839e-01 -4.325715842249432813e-02
6.331658291457287202e-01 -4.281949277758918815e-02
6.381909547738693345e-01 -4.237790643067836788e-02
6.432160804020100597e-01 -4.193243767000288946e-02
6.482412060301507850e-01 -4.148312333886629982e-02
6.532663316582913993e-01 -4.102999884952510806e-02
6.582914572864322356e-01 -4.057309819659935674e-02
6.633165829145728498e-01 -4.011245397002332486e-02
6.683417085427135751e-01 -3.964809736755545155e-02
6.733668341708543004e-01 -3.918005820686605578e-02
6.783919597989949146e-01 -3.870836493721955401e-02
6.834170854271357509e-01 -3.823304465076814845e-02
6.884422110552763652e-01 -3.775412309347248030e-02
6.934673366834170904e-01 -3.727162467566418752e-02
6.984924623115578157e-01 -3.678557248226458493e-02
7.035175879396984300e-01 -3.629598828267329574e-02
7.085427135678392663e-01 -3.580289254033929003e-02
7.135678391959798805e-01 -3.530630442202736807e-02
7.185929648241206058e-01 -3.480624180679110086e-02
7.236180904522613311e-01 -3.430272129466422487e-02
7.286432160804019453e-01 -3.379575821508066374e-02
7.336683417085427816e-01 -3.328536663503374460e-02
7.386934673366833959e-01 -3.277155936698458033e-02
7.437185929648241212e-01 -3.225434797652820124e-02
7.487437185929648464e-01 -3.173374278982761532e-02
7.537688442211054607e-01 -3.120975290082329823e-02
7.587939698492462970e-01 -3.068238617822706751e-02
7.638190954773869112e-01 -3.015164927230739450e-02
7.688442211055276365e-01 -2.961754762147473033e-02
7.738693467336683618e-01 -2.908008545867303216e-02
7.788944723618089760e-01 -2.853926581758507719e-02
7.839195979899498123e-01 -2.799509053865756672e-02
7.889447236180904266e-01 -2.744756027495336148e-02
7.939698492462311519e-01 -2.689667449783535516e-02
7.989949748743718771e-01 -2.634243150248944537e-02
8.040201005025124914e-01 -2.578482841329121297e-02
8.090452261306533277e-01 -2.522386118902147228e-02
8.140703517587939420e-01 -2.465952462793720087e-02
8.190954773869346672e-01 -2.409181237270078754e-02
8.241206030150753925e-01 -2.352071691517414881e-02
8.291457286432161178e-01 -2.294622960108112092e-02
8.341708542713568431e-01 -2.236834063454301927e-02
8.391959798994974573e-01 -2.178703908249133778e-02
8.442211055276381826e-01 -2.120231287896192848e-02
8.492462311557789079e-01 -2.061414882927397815e-02
8.542713567839196331e-01 -2.002253261409831300e-02
8.592964824120603584e-01 -1.942744879341767872e-02
8.643216080402009727e-01 -1.882888081038336034e-02
8.693467336683416979e-01 -1.822681099507082042e-02
8.743718592964824232e-01 -1.762122056813792900e-02
8.793969849246231485e-01 -1.701208964438849849e-02
8.844221105527638738e-01 -1.639939723624461373e-02
8.894472361809044880e-01 -1.578312125713004013e-02
8.944723618090452133e-01 -1.516323852476787748e-02
8.994974874371859386e-01 -1.453972476439490541e-02
9.045226130653266639e-01 -1.391255461189529717e-02
9.095477386934673891e-01 -1.328170161685599850e-02
9.145728643216080034e-01 -1.264713824554635456e-02
9.195979899497487287e-01 -1.200883588382398691e-02
9.246231155778894539e-01 -1.136676483996957795e-02
9.296482412060301792e-01 -1.072089434745222315e-02
9.346733668341709045e-01 -1.007119256762757306e-02
9.396984924623115187e-01 -9.417626592371096741e-03
9.447236180904522440e-01 -8.760162446647443146e-03
9.497487437185929693e-01 -8.098765091019099333e-03
9.547738693467336946e-01 -7.433398424095183366e-03
9.597989949748744198e-01 -6.764025284921711990e-03
9.648241206030150341e-01 -6.090607455316502002e-03
9.698492462311557594e-01 -5.413105662148969856e-03
9.748743718592964846e-01 -4.731479579566743796e-03
9.798994974874372099e-01 -4.045687831171040916e-03
9.849246231155779352e-01 -3.355687992141611915e-03
9.899497487437185494e-01 -2.661436591313231983e-03
9.949748743718592747e-01 -1.962889113204233094e-03
1.000000000000000000e+00 -1.259999999999977718e-03
